	1	2	3	4	5	6	7	8	9
1	1.206581667	2.887976667	4.872857333	3.345475	8.35918	4.5643	6.652908333	10.18440417	9.4549375
2	2.715581667	3.197676667	5.565863333	2.872675	7.30168	5.75826	7.500908333	11.45050417	11.5515375
3	3.119981667	3.320376667	5.467663333	3.940275	5.10828	3.59476	6.925908333	7.410804167	8.3689375
4	2.293581667	3.842376667	6.576263333	3.516575	6.01628	5.70826	8.477508333	10.26610417	9.1659375
5	2.868681667	2.992876667	5.304963333	3.875045	5.70128	3.59476	7.230908333	8.445804167	8.8629375
6	2.526881667	2.097776667	4.668763333	3.728445	6.64918	5.03166	8.372608333	8.704804167	9.6469375
7	2.832281667	2.097776667	5.467663333	3.711635	6.53058	6.36626	7.653908333	8.776804167	9.5929375
8	3.093281667	2.610876667	4.041263333	2.448675	6.29328	6.43226	8.292608333	9.903304167	10.4651375
9	2.805681667	2.154276667	4.416563333	2.432675	6.25428	4.77156	6.778908333	9.278804167	9.8829375
10	2.463881667	2.382876667	3.780263333	2.106675	5.89828	4.51068	7.136908333	8.812804167	8.4669375
11	1.960581667	2.578576667	4.497963333	3.035775	6.05628	4.60826	7.307908333	10.12590417	10.5034375
12	2.374581667	2.904776667	4.236963333	3.508575	6.84708	5.16176	7.854808333	9.881104167	8.9449375
13	3.237081667	3.263176667	3.894663333	2.905275	6.88638	4.86906	6.846908333	8.975804167	9.6619375
14	3.506171667	3.197976667	4.758863333	3.328975	7.04508	5.91126	8.332908333	10.01490417	10.4207375
15	1.754581667	2.179176667	5.647263333	4.331675	7.5986	5.70826	7.736408333	9.041804167	12.7369375
16	2.059581667	3.189876667	5.809963333	4.298675	7.27838	5.26296	7.792908333	10.99710417	12.2539375
17	2.203581667	2.733286667	6.104263333	5.048675	8.07308	6.97726	7.875008333	11.24790417	13.0519375
18	3.353461667	2.863746667	5.206763333	4.152075	8.34958	5.47026	8.291908333	11.21230417	12.0909375
19	1.987581667	2.537576667	5.223563333	4.201175	6.33328	5.95526	8.658438333	10.71130417	11.9160375
20	3.174081667	4.135376667	5.565863333	4.021675	9.37728	5.53926	9.090208333	11.00850417	11.1305875
21	3.137781667	4.347376667	5.337263333	4.152075	7.51928	5.05536	8.008108333	11.28420417	9.8049375
22	2.724881667	4.543376667	5.288763333	3.842095	8.31028	4.5413	9.120408333	10.00650417	10.6309375
23	2.904281667	4.608376667	6.136263333	3.647075	7.87508	6.12826	8.534708333	10.71130417	9.8239375
24	3.137781667	4.461376667	5.304963333	4.266475	7.51928	6.23826	8.223308333	10.45907917	9.5459375
25	2.509081667	2.554376667	5.109263333	3.353175	8.58628	6.26626	9.371308333	9.598304167	9.5089375
26	3.137781667	2.651876667	5.484463333	3.418375	6.92628	5.87026	7.932808333	11.15650417	8.7289375
27	1.951581667	2.358676667	4.163663333	2.929475	8.62628	4.43059	9.041108333	11.78580417	9.5169375
28	1.861581667	3.027176667	5.174463333	3.043875	7.32138	3.24926	8.708208333	10.67430417	9.9669375
29	2.005581667	4.608376667	4.962633333	4.201175	8.50748	5.61126	8.761328333	10.85990417	9.6569375
30	2.077581667	5.130376667	4.994963333	3.630275	7.35698	4.69626	8.330908333	11.49080417	10.3249375
31	2.868681667	4.885376667	4.864453333	3.337075	7.95438	5.72126	8.361208333	11.21230417	10.7459375
32	2.472781667	4.233376667	3.691263333	3.548875	6.84688	5.02076	8.152008333	10.78190417	11.2153375
33	2.940581667	3.776976667	4.620363333	3.434575	8.94228	6.09126	8.402908333	10.04950417	11.9759375
34	1.879581667	3.059476667	3.853263333	3.532775	6.64978	4.36696	7.792908333	11.05830417	11.1191475
35	2.239581667	2.992876667	4.816033333	3.695495	4.71228	4.93706	7.519908333	10.48194417	10.2025375
36	2.724881667	3.010376667	4.881263333	4.005475	5.34528	5.77526	7.742508333	10.45168417	9.6699375
37	1.951581667	3.255176667	4.962633333	4.331675	5.66128	5.77526	7.556908333	9.867304167	9.3629375
38	2.760381667	3.108576667	4.473063333	4.380075	6.84688	5.33976	7.482908333	9.635304167	8.3689375
39	2.400581667	2.668076667	5.304963333	4.624875	6.17528	7.04026	7.630908333	9.932504167	9.4849375
40	2.446081667	2.984176667	4.220863333	3.426475	7.00498	4.86906	7.296908333	8.975804167	9.5929375
41	2.679581667	3.735976667	4.335163333	3.035775	6.80778	5.38526	7.153908333	9.419804167	9.0449375
42	2.410481667	2.920876667	3.666263333	3.263775	5.54228	5.25106	7.242908333	7.536804167	9.7339375
43	3.632181667	2.806586667	4.253163333	3.752655	7.83528	5.71526	7.076908333	9.073804167	10.7664375
44	2.482081667	2.023776667	5.280363333	4.030075	8.24058	4.92136	8.036008333	11.46210417	10.2509375
45	2.446481667	2.839536667	5.737063333	3.866645	8.12198	5.88126	7.663908333	11.67780417	9.5289375
46	1.960581667	2.725216667	5.720163333	3.263375	8.08268	4.49719	6.728908333	9.981304167	8.3039375
47	1.583581667	2.871816667	5.492263333	3.003175	7.88478	4.25506	6.587908333	11.79380417	7.9829375
48	2.069581667	2.284776667	5.199063333	2.660675	5.47328	5.63926	6.809908333	11.67780417	9.4819375
49	2.625881667	3.409776667	5.720163333	2.921075	7.96408	5.96426	7.849108333	10.95300417	10.7876375
50	1.476581667	2.448176667	5.834563333	2.595675	6.73868	6.33426	8.036008333	10.56365417	9.9049375
51	2.176581667	2.431376667	5.100863333	2.138675	6.97588	5.36066	6.884908333	10.71770417	9.4439375
52	1.817581667	1.926276667	5.834563333	2.904975	6.54078	5.39456	7.566908333	10.21800417	11.0196175
53	2.805981667	3.360776667	5.296563333	3.980975	6.89658	5.79726	6.526908333	10.83260417	10.3276375
54	1.242581667	2.725216667	5.100863333	3.589575	6.58008	5.18906	6.490908333	11.65580417	9.1579375
55	2.248581667	3.328476667	5.051763333	3.622475	6.46128	5.33566	6.915908333	10.19260417	7.9809375
56	2.140581667	2.545676667	5.687963333	3.980975	6.06628	5.06716	7.174908333	9.681504167	7.6479375
57	2.464281667	2.219476667	6.764263333	3.720035	6.89638	4.12756	7.769108333	10.41183417	8.4939375
58	2.500581667	3.083676667	5.671763333	3.785269	6.77778	5.10036	6.989908333	10.33450417	9.3169375
59	2.634781667	3.344576667	5.345263333	3.287975	5.51228	4.89906	7.248908333	8.374804167	8.6479375
60	2.113581667	3.557076667	4.676863333	3.141375	5.71028	4.89906	6.402908333	10.24770417	7.4239375
61	3.012081667	4.485376667	4.921613333	3.597975	6.14528	5.46926	7.132908333	9.562504167	7.9559375
62	2.454681667	0.361376667	4.220863333	3.125175	5.67128	4.69766	7.517908333	8.874804167	7.3869375
63	2.706681667	2.773634667	5.166363333	3.573075	8.60628	5.21266	8.350608333	11.16520417	11.5922375
64	1.880581667	2.399076667	3.813263333	3.924175	5.98728	5.20136	7.709908333	9.809304167	8.0549375
65	1.915581667	3.540276667	5.916263333	3.133275	7.81548	5.17316	8.740658333	9.898904167	10.8861375
66	2.832681667	3.295476667	5.639163333	3.214675	6.31328	4.85696	8.119908333	9.632604167	9.8789375
67	2.293581667	3.018376667	6.128263333	3.589875	7.26238	4.5214	8.210008333	9.076804167	11.7153375
68	2.365581667	3.279376667	6.307263333	4.193175	7.53892	4.59816	8.619608333	9.667504167	9.7989375
69	2.841581667	3.116576667	4.497563333	3.345475	8.51778	5.47526	7.382908333	10.46950317	9.3059375
70	1.871581667	2.937076667	5.182163333	2.073675	7.17308	5.73326	7.997708333	9.276804167	9.7899375
71	2.644381667	3.458876667	6.014263333	3.100675	7.33178	6.06626	7.921008333	11.15950417	8.7139375
72	2.230581667	3.450876667	5.402463333	3.263775	6.46228	6.42426	7.298908333	10.49220417	8.7759375
73	2.859781667	3.564476667	6.120263333	3.410375	6.30428	4.89346	7.491908333	9.492904167	9.9519375
74	2.733781667	3.377576667	4.807963333	3.263775	8.03318	3.78836	7.372908333	9.792304167	11.4981375
75	3.093281667	3.654576667	4.432663333	4.046575	8.94228	5.19706	7.327908333	9.601304167	10.5862375
76	1.817581667	3.621676667	6.372263333	3.377775	7.01518	6.39826	6.997908333	10.75600417	10.8669375
77	2.922381667	2.758166667	4.970703333	4.820675	5.67128	6.21726	7.517908333	9.681504167	9.6849375
78	1.825581667	4.143376667	5.997263333	3.964475	6.11528	4.14016	8.081608333	9.910304167	9.7189375
79	2.437581667	3.524176667	4.856383333	3.361275	8.13198	6.16326	7.235908333	10.07780417	11.1141075
80	2.149581667	3.359376667	5.280063333	2.840075	7.49964	4.92136	8.235608333	10.68770417	10.0784375
81	2.203581667	4.387376667	6.274263333	3.507875	7.30168	4.88676	6.987908333	8.278804167	9.0819375
82	2.778581667	3.247076667	6.046263333	3.834025	7.61824	5.56926	8.700978333	10.39586417	12.4999375
83	2.976481667	3.801376667	6.601263333	3.426475	7.65758	5.54426	6.030908333	8.873804167	7.8879375
84	2.814881667	3.801376667	6.258263333	3.443275	7.14378	6.13226	8.350608333	11.37170417	9.6639375
85	2.221581667	2.138076667	4.660663333	2.562675	6.59008	6.00026	6.621908333	12.10180417	10.0229375
86	2.383581667	1.942376667	6.274263333	3.410375	6.03628	5.12756	6.928908333	10.10330417	9.3469375
87	2.149581667	1.274376667	6.697263333	2.888475	6.03628	4.42315	7.543908333	10.10330417	9.8669375
88	1.771581667	2.154976667	3.193263333	1.201675	5.74928	5.06716	7.286908333	10.41183417	7.8409375
89	3.838681667	3.801376667	5.965263333	3.361275	7.69678	6.13626	8.197308333	10.44293417	10.2835375
90	2.239581667	4.045376667	4.318363333	2.692675	6.74828	5.80226	6.828908333	10.55171417	10.2708375
91	1.951581667	2.790446667	3.568263333	2.114675	4.68228	5.90626	7.209908333	10.18120417	9.1679375
92	2.850481667	3.735976667	6.144263333	3.279875	7.65788	7.00626	7.981408333	10.89800417	11.9897375
93	1.709581667	2.080976667	6.022263333	3.850835	6.58098	5.50626	5.774908333	11.92480417	9.7319375
94	1.969581667	3.458876667	5.443463333	3.263775	6.70908	5.93226	7.789708333	10.36000417	9.1899375
95	2.059581667	2.888676667	4.171763333	3.451375	6.50128	5.60326	7.026908333	9.681504167	8.9829375
96	2.527281667	2.610876667	5.427363333	3.491675	6.59038	5.34596	6.982908333	10.36000417	11.1470575
97	2.131581667	2.610876667	5.198663333	3.459475	7.26208	5.80426	7.674108333	10.93300417	11.4900375
98	2.328581667	2.554076667	4.383263333	3.931875	7.14348	6.16026	8.135408333	10.28270417	10.7704375
99	2.598781667	3.858376667	4.725563333	4.111475	6.43228	6.50826	7.327908333	11.51280417	10.8014375
100	2.347581667	3.157276667	5.116963333	3.720035	7.26208	6.71026	7.943108333	9.898704167	11.1194875
101	2.328581667	3.662376667	4.611963333	4.192775	6.66898	6.81126	8.005608333	9.783004167	11.0320675
102	2.311581667	3.858376667	4.350963333	4.274175	7.34138	5.73726	7.712408333	10.28270417	10.5707375
103	2.436881667	2.578576667	4.416563333	4.086875	5.90828	6.24126	6.710908333	10.37821417	8.4629375
104	0.801581667	2.399076667	4.840243333	3.663175	6.10528	4.49632	6.671908333	9.666004167	8.6489375
105	2.688481667	3.695276667	4.367163333	4.535075	6.39228	5.93826	7.527908333	10.89330417	8.0339375
106	2.580981667	3.009976667	5.149963333	4.258075	6.70908	6.84426	7.607908333	11.37150417	7.9959375
107	2.670681667	2.455876667	5.932263333	5.219675	7.26208	5.70326	7.882508333	11.26120417	8.4189375
108	2.886481667	2.814996667	4.774663333	5.138675	7.34138	6.57526	7.908108333	9.854304167	8.4109375
109	2.670681667	2.064476667	4.660363333	4.160475	7.69718	6.64226	8.046008333	9.738004167	8.2999375
110	3.119981667	2.097476667	6.323263333	4.698475	6.94628	7.11226	7.245908333	10.20600417	9.6869375
111	1.933581667	1.591376667	4.073963333	3.720035	7.26208	6.40826	7.487908333	11.20540417	8.9679375
112	2.688481667	2.619276667	4.677163333	3.296375	6.70908	4.42851	6.459908333	7.630804167	7.8539375
113	2.338581667	2.252476667	4.709763333	3.540775	7.83528	6.66026	8.505808333	10.42242417	10.3394375
114	2.787881667	2.268576667	4.970703333	3.736515	6.60988	4.33076	8.225308333	9.888504167	10.0777375
115	2.544681667	2.912476667	5.704063333	3.165875	8.40888	6.94126	7.658908333	10.79040417	8.2249375
116	0.765581667	1.478376667	3.764263333	2.415675	6.66898	5.14396	8.212108333	11.80180417	8.9059375
117	2.275581667	3.222576667	5.524463333	2.986375	7.30208	5.18336	6.713908333	9.398804167	7.8809375
118	2.724881667	3.173476667	4.742363333	3.149775	7.18348	6.84426	8.711738333	10.32840417	8.4109375
119	0.568581667	1.608376667	2.068263333	2.350675	5.79928	3.95796	8.250408333	9.062804167	7.5109375
120	2.239581667	2.798176667	4.644163333	2.774675	7.49926	5.14396	7.251908333	10.67680417	7.8039375
121	3.227481667	3.270976667	4.807623333	3.442975	8.05298	6.29026	7.802508333	10.54230417	8.7449375
122	2.670681667	2.178776667	5.198363333	2.954075	7.38068	5.38126	6.943908333	10.64320417	8.1879375
123	2.562481667	2.847276667	4.938093333	3.067675	7.14348	3.40426	8.635068333	10.00430417	9.0419375
124	2.203581667	2.993876667	5.377863333	2.986375	6.59038	5.10456	7.635908333	10.44142417	8.1879375
125	2.472781667	3.352976667	5.067863333	2.986375	7.34138	6.01326	7.527908333	10.03460417	10.4940375
126	2.400581667	3.842376667	4.921273333	3.296375	6.90618	5.23386	7.943108333	10.82070417	10.4517375
127	2.562481667	3.222576667	5.573563333	3.035475	7.34138	7.43726	7.516908333	10.81730417	11.4160375
128	2.266581667	2.219476667	4.856383333	3.671275	7.00498	5.01856	7.758608333	8.852804167	10.6689375
129	2.859781667	2.431376667	-0.751736667	2.676675	7.28228	5.51426	7.163908333	9.353804167	11.0966275
130	2.877581667	2.806586667	2.036263333	3.426475	6.05628	5.32366	7.938208333	10.15210417	10.4557375
131	2.535781667	1.975376667	2.851263333	3.361275	6.76778	5.85826	7.041908333	9.457804167	10.9554375
132	2.787881667	1.910176667	5.052063333	2.367675	7.5194653	6.36426	7.435908333	9.978604167	11.1860375
133	2.374581667	2.676076667	5.019763333	2.480675	6.60988	5.95926	7.764008333	9.493004167	10.3790375
134	2.535781667	2.496576667	4.155663333	2.546675	7.20288	6.08726	8.153408333	9.659804167	11.3784375
135	3.039181667	2.333776667	4.514063333	2.595675	6.57058	5.55226	8.511808333	10.22130417	10.9937275
136	2.284581667	2.382876667	3.601263333	3.035775	6.80778	5.58926	8.268408333	9.693404167	10.8612375
137	3.039181667	2.056776667	4.807963333	3.443275	8.54728	5.25726	8.045808333	11.03640417	11.0966275
138	3.182981667	2.529476667	4.236963333	2.790675	7.91458	4.40897	8.117708333	10.49842417	9.6099375
139	1.870581667	2.366776667	4.432663333	3.035775	8.27038	5.70026	8.332908333	11.34110417	10.2593375
140	2.607681667	2.529476667	-0.751736667	3.133275	6.88638	3.74476	7.318908333	9.631604167	7.8809375
141	2.661781667	2.659976667	4.986863333	3.247575	7.83528	6.14326	7.476908333	9.214804167	9.4179375
142	2.805681667	3.165076667	5.688263333	3.508575	7.20288	5.36796	6.434908333	9.861604167	8.4259375
143	2.895381667	2.839536667	5.362063333	3.198475	8.34968	5.99526	6.861908333	9.978604167	8.5059375
144	2.661781667	3.214076667	4.742763333	3.133275	8.15178	5.70026	7.112908333	9.054804167	8.9959375
145	2.967281667	3.263176667	4.335163333	3.263775	9.18028	4.03946	8.619438333	9.816504167	10.0717375
146	2.644081667	2.415176667	1.726263333	3.002775	7.59804	5.58826	7.938208333	9.962404167	8.9569375
147	2.302581667	3.181876667	4.709763333	3.165575	8.23108	5.34516	6.969908333	10.95030417	9.6739375
148	2.589881667	3.165076667	4.416563333	3.084175	7.16368	4.41104	7.614908333	9.422804167	10.5330375
149	2.715981667	3.475076667	4.106563333	3.736515	9.77328	5.58726	7.148908333	11.57480417	10.9372375
150	2.463881667	2.757496667	3.780263333	2.807075	8.22088	5.84926	6.688908333	9.299804167	12.0619375
151	1.889581667	3.165076667	4.106563333	3.263775	8.69528	5.53826	7.512908333	11.08940417	11.2676375
152	1.934581667	3.621676667	5.769663333	2.684675	7.70718	5.79626	7.203908333	10.88760417	11.1519375
153	2.814581667	3.295476667	4.579263333	3.451075	6.87698	5.39966	6.832908333	9.219804167	10.6522375
154	2.005581667	2.268576667	4.856383333	3.337375	6.32328	3.11626	6.819908333	8.358804167	10.9986075
155	1.538581667	1.910176667	3.731263333	2.570675	7.46998	6.27626	7.738308333	10.21040417	10.9986075
156	2.077581667	2.105876667	4.872521333	3.027375	6.99558	5.22666	7.318908333	10.39603417	10.4222375
157	2.096581667	1.795776667	5.101163333	2.505675	6.24428	5.64826	6.807908333	8.824804167	9.5759375
158	1.844581667	2.040576667	4.921613333	3.141675	6.71828	5.87026	7.400908333	9.950804167	9.8449375
159	2.257581667	2.171076667	4.791153333	2.864575	6.95548	5.15746	7.270908333	9.505604167	9.6919375
160	1.898581667	3.279376667	4.415863333	3.124875	5.80928	3.98116	5.852908333	9.691204167	8.8849375
161	1.790581667	2.496576667	4.286063333	3.467175	6.79758	6.02226	7.506908333	10.54667417	9.6309375
162	2.077581667	3.067476667	5.214863333	3.141675	5.33528	5.26126	6.969908333	9.004804167	10.1196375
163	2.437181667	3.768276667	5.068263333	2.929175	6.00628	4.15416	7.242908333	9.039804167	11.0846875
164	2.545481667	3.328476667	4.807293333	2.374675	6.63968	6.19526	6.704908333	10.76190417	10.9730475
165	2.293581667	2.121976667	3.487263333	2.733675	5.41328	5.26126	6.770908333	8.169804167	9.7299375
166	2.419381667	4.013376667	4.350663333	3.532375	6.63968	6.78326	8.433608333	10.36778417	10.9212375
167	2.275581667	3.442076667	3.601263333	3.076475	6.12528	6.78326	7.242908333	9.958904167	10.4989375
168	2.652981667	2.951876667	4.025163333	3.679675	6.91618	7.12926	8.227208333	9.399804167	9.9719375
169	2.455781667	2.007676667	4.497963333	3.369675	6.00628	5.25226	6.951908333	9.255804167	10.1943375
170	2.221581667	2.284776667	4.563163333	3.418775	6.79758	6.25226	7.088908333	10.15260417	9.9809375
171	2.221581667	2.072876667	4.073563333	4.233875	7.15348	5.91826	7.165908333	10.22390417	10.6764375
172	1.682581667	1.095376667	5.182563333	3.875385	5.73028	4.39772	7.549908333	9.208804167	8.7469375
173	1.574581667	1.274376667	5.166363333	4.152475	4.93928	5.10206	7.150908333	9.282804167	9.0809375
174	2.168581667	1.290376667	4.660663333	3.761055	6.36228	6.04126	8.011308333	10.43302417	10.4538375
175	2.796781667	2.790446667	4.236963333	3.451075	6.59968	2.08226	7.350908333	7.353804167	10.0529375
176	2.689281667	3.067476667	3.829263333	4.494775	6.79758	4.90076	7.289908333	9.913804167	9.6009375
177	2.509081667	1.355376667	4.236963333	4.135675	7.11418	3.02226	7.809608333	8.573804167	9.2999375
178	2.131581667	2.072876667	4.383663333	4.103375	7.42995	5.15606	7.434908333	10.32210417	9.5379375
179	2.275581667	2.105876667	4.432663333	3.810155	8.81428	4.43093	7.934008333	9.757804167	9.3459375
180	2.383581667	2.643876667	4.448863333	3.614475	6.87698	3.20926	8.552008333	8.985804167	9.6539375
181	2.635181667	2.448176667	4.481163333	3.451075	7.03488	3.78196	8.329408333	9.255804167	8.1549375
182	2.886481667	2.578576667	3.910863333	3.826295	8.33958	5.19416	8.702658333	9.829804167	10.1142375
183	2.509081667	2.904076667	3.926963333	3.304475	7.78578	3.01826	7.857308333	9.578304167	9.6749375
184	3.012481667	2.105876667	4.693663333	4.152475	9.32728	6.45426	7.512908333	10.61860417	10.2682375
185	2.940581667	2.806586667	4.563163333	3.467175	7.46998	5.34706	7.067908333	8.035804167	8.7839375
186	3.300081667	2.676076667	5.117263333	3.483975	7.03488	4.73606	7.814908333	9.901104167	9.1539375
187	2.761181667	3.230276667	4.709763333	3.434875	7.35138	4.58386	7.326908333	10.09950417	7.2329375
188	2.922781667	3.344576667	5.133463333	2.994375	6.77888	5.32036	8.272908333	11.32610417	9.4029375
189	2.509081667	2.561776667	4.628363333	3.549175	6.26528	2.87726	8.087308333	7.405804167	9.3569375
190	2.580981667	3.556376667	5.263963333	3.630575	8.12288	6.35126	7.567908333	10.50968417	10.3217375
191	2.473581667	2.415176667	4.611563333	3.646775	8.51878	7.11426	7.952108333	10.77670417	10.7097375
192	2.068581667	2.488476667	5.581963333	3.410375	6.58098	5.11286	8.336808333	8.978804167	9.5419375
193	2.733781667	2.847606667	5.223563333	2.611675	7.41128	5.54926	8.336808333	8.947804167	9.5949375
194	2.158581667	2.374876667	5.451563333	2.595675	7.60916	6.33026	7.375908333	10.34630417	10.6331375
195	2.176581667	2.341876667	5.875263333	2.790675	7.64848	6.18326	8.298508333	11.10350417	10.2867375
196	2.697381667	2.407076667	5.500663333	2.301675	8.20218	5.11286	7.991108333	10.29780417	10.8247375
197	3.093281667	2.521476667	5.744763333	2.872375	9.30928	5.07616	7.375908333	9.707404167	10.8725375
198	3.021381667	2.537576667	4.424663333	2.921475	8.51878	4.07976	7.298908333	10.36110417	11.3627375
199	2.697381667	2.472376667	3.592263333	3.084175	9.15128	4.35656	7.913808333	9.915904167	11.6701375
200	2.212581667	3.401776667	3.675263333	3.785605	7.96498	5.56726	8.067808333	11.56780417	9.7279375
201	2.410481667	2.130076667	3.560263333	2.513675	8.12288	3.56086	8.006608333	9.449804167	10.3251375
202	2.338581667	2.586676667	5.304963333	3.606075	8.20218	3.52626	7.337908333	9.882204167	10.0561375
203	2.626281667	2.912876667	5.043963333	2.937575	6.97688	4.04516	7.607908333	10.07520417	8.7109375
204	2.140581667	3.906376667	4.685563333	3.687375	7.17398	6.31026	7.528908333	10.71280417	9.6719375
205	2.554381667	3.434076667	5.777663333	4.045875	7.96498	6.05626	8.205708333	10.49220417	10.3641375
206	2.626281667	2.341876667	6.266263333	3.084175	6.85818	6.09926	7.491908333	10.56890417	10.7481375
207	2.644081667	3.303576667	5.174463333	3.312875	7.13468	5.70826	7.029908333	10.06990417	10.2901375
208	2.535781667	2.569876667	6.625263333	2.840075	7.01608	6.81126	7.452908333	9.685204167	10.9962575
209	2.410481667	2.521476667	5.679563333	2.774675	7.29258	6.55426	7.452908333	9.839204167	9.9029375
210	2.644081667	2.961276667	0.609263333	2.741675	7.25338	6.78226	7.913808333	9.915904167	10.7898375
211	3.056981667	3.255176667	4.456963333	3.312875	6.42328	6.22926	7.722108333	9.031804167	9.1339375
212	1.817581667	2.504676667	5.712463333	2.399675	7.25338	5.31696	7.328908333	10.14650417	9.7969375
213	1.852581667	2.586676667	5.093063333	2.823275	6.77888	6.03426	6.731908333	10.14650417	9.6079375
214	2.167581667	2.847276667	4.888997333	2.904975	6.43228	3.68126	7.251908333	11.01300417	11.1854375
215	2.913181667	2.553776667	5.223563333	2.627675	7.60916	5.93526	8.084608333	9.544604167	10.2101375
216	2.491281667	3.466676667	4.301863333	3.084475	7.18348	5.85226	7.981408333	10.91220417	11.1854375
217	2.562481667	3.776676667	5.019463333	3.214975	7.14348	6.04226	6.810908333	10.42326417	12.3719375
218	1.871581667	1.991176667	4.245063333	4.192775	5.72028	6.31526	8.527508333	10.85670417	10.4473375
219	2.535781667	2.961276667	5.271963333	2.187675	4.52528	3.55876	6.078908333	7.117804167	8.6559375
220	2.626281667	2.472376667	5.271963333	2.171675	5.67228	6.32626	7.567908333	9.136804167	9.2999375
221	1.889581667	2.358076667	4.652663333	2.562675	4.68328	4.53576	7.368908333	8.455804167	8.0999375
222	2.706281667	3.205676667	3.715263333	3.442975	8.25098	6.61526	6.650908333	10.80460417	10.7852375
223	1.718581667	2.847276667	4.513763333	3.345475	6.61988	4.91566	8.052008333	11.27480417	12.3419375
224	1.933581667	3.369176667	4.970373333	4.290975	8.75028	4.95366	8.282708333	9.683704167	12.4139375
225	2.742681667	3.092076667	5.067863333	3.426875	7.48944	5.33566	7.783008333	10.37232417	10.1887375
226	0.837581667	2.455876667	4.334863333	3.198175	6.85708	4.91566	7.613908333	10.67700417	9.3049375
227	2.374581667	2.374876667	4.423963333	2.643675	9.38728	5.48826	7.533908333	10.78460417	9.9649375
228	1.223581667	2.195276667	3.674263333	2.790675	7.76598	5.41176	7.321908333	11.17060417	8.5549375
229	1.439581667	3.140776667	4.636463333	3.280175	7.37088	5.14466	8.240308333	11.46580417	7.5899375
230	1.816581667	2.749426667	4.668763333	3.393875	7.92458	5.48826	9.088308333	10.85850417	8.7029375
231	2.248581667	1.967276667	4.195963333	3.084475	8.12178	5.52626	9.610208333	12.15780417	9.2669375
232	1.044581667	1.902076667	4.489163333	3.116775	6.38228	5.52626	8.048008333	11.78080417	8.3819375
233	1.170581667	2.684196667	3.951163333	2.546675	5.71028	5.19096	8.200608333	11.57380417	8.5569375
234	1.349581667	2.733286667	4.081663333	2.643675	5.47328	5.05676	8.756798333	10.99980417	9.3049375
235	1.205581667	2.276676667	3.430263333	2.008675	4.91928	6.14526	8.793808333	11.27480417	11.3064375
236	1.170581667	2.831466667	3.381263333	3.067675	6.18428	5.91726	8.317008333	10.26000417	10.7482375
237	2.086581667	2.814656667	3.951163333	2.954075	6.93568	7.08926	8.645828333	11.06630417	12.8999375
238	0.828581667	2.440076667	3.136263333	2.660675	6.10528	5.89526	9.276608333	9.887404167	12.0542375
239	2.644081667	2.766236667	4.049363333	2.921075	7.33158	7.77426	8.206008333	11.41000417	10.9076375
240	2.841181667	1.820676667	3.739263333	2.660675	6.85708	5.29206	7.129908333	11.35820417	11.0609815
241	2.284581667	1.836876667	3.967963333	2.790675	7.45015	6.09626	9.276608333	10.78460417	11.4658375
242	2.194581667	3.074276667	3.870263333	2.872675	6.93568	6.16426	8.089008333	10.92780417	11.7045375
243	2.158581667	1.217376667	2.566263333	2.594675	7.72668	6.76826	8.682819333	11.53780417	10.9957475
244	2.014581667	4.005376667	2.908263333	2.252675	6.30328	5.99626	8.645828333	10.92780417	10.9782675
245	1.475581667	2.179176667	2.207263333	2.432675	6.46128	5.99626	8.628348333	10.35150417	10.4295375
246	2.428281667	1.869076667	2.875263333	2.171675	6.73848	8.21026	8.979408333	11.59580417	11.4187375
247	1.960581667	1.787776667	1.783263333	2.187675	6.69848	7.37226	8.013708333	12.08080417	10.1887375
248	1.888581667	2.032576667	3.967963333	3.410675	5.78928	7.03626	8.048008333	11.15040417	10.4194375
249	1.583581667	3.140776667	3.527263333	3.638675	7.528732	6.53326	9.054008333	11.10740417	8.8049375
250	0.972581667	1.576376667	3.723263333	3.997075	4.99828	6.33226	8.282708333	11.29900417	8.6509375
251	2.437181667	4.445376667	3.519263333	3.247275	7.85508	6.34826	7.527908333	11.01300417	11.4530375
252	2.553581667	2.863746667	6.103263333	3.557275	6.65918	5.89526	8.423208333	10.96340417	8.5359375
253	1.691581667	-0.233623333	4.098463333	3.019275	6.42228	5.72826	8.359308333	9.257804167	7.9599375
254	1.835581667	-0.233623333	5.826163333	3.818225	7.37088	6.76826	9.128008333	11.23510417	8.7669375
255	1.637581667	3.059476667	5.060163333	3.263375	6.85708	6.86126	8.590018333	9.257804167	8.7669375
256	2.356581667	3.842376667	5.125363333	3.801409	6.97568	6.30826	8.831408333	9.925804167	9.1939375
257	2.446081667	2.423976667	4.391663333	3.899575	7.68738	5.75426	8.513308333	9.708604167	8.1129375
258	3.111081667	2.309576667	4.571263333	3.361575	8.16178	6.56826	8.359308333	11.38910417	8.5749375
259	1.691581667	3.385576667	3.642263333	3.459075	8.08248	6.55526	8.534208333	9.170804167	8.2289375
260	1.924581667	2.749426667	3.772263333	3.508175	7.21298	5.83126	8.897308333	11.34410417	8.3059375
261	0.721581667	1.690376667	3.299263333	3.393875	6.81708	5.45046	8.888608333	10.71260417	8.8439375
262	2.158581667	3.287376667	5.370163333	3.475875	7.25218	5.22146	7.667908333	9.683704167	8.8819375
263	1.979581667	2.814656667	5.402463333	3.019275	7.57821	5.72926	7.930308333	9.811004167	7.7759375
264	2.014581667	2.733286667	5.255863333	3.622475	7.10378	5.05746	8.506608333	10.85000417	8.5829375
265	0.540581667	2.179176667	4.832173333	3.247275	6.82728	4.19876	8.603468333	10.91720417	8.4679375
266	1.942581667	2.684196667	4.945823333	3.720035	6.62938	5.21596	7.978708333	10.85000417	8.9549375
267	1.709581667	2.521476667	4.848313333	3.492075	6.47128	5.72626	8.616238333	10.39132417	9.1209375
268	1.888581667	4.192376667	5.239663333	3.377775	7.42032	5.76426	8.043908333	9.811004167	8.8309375
269	2.356581667	3.189876667	6.315263333	2.921475	6.02828	6.97726	8.726868333	9.608504167	7.9749375
270	2.140581667	1.852976667	0.609263333	2.888475	6.93678	5.51226	7.940708333	11.52980417	8.3889375
271	2.823481667	2.521476667	5.696363333	3.507875	5.90928	5.70726	7.692608333	9.413804167	9.4779375
272	2.644081667	2.440076667	5.761563333	4.029675	5.94828	6.57926	7.288908333	10.91790417	10.0449375
273	2.194581667	2.586676667	5.451563333	3.817885	5.83028	6.57926	7.319908333	10.41822417	10.7265375
274	2.463881667	2.031876667	5.679563333	3.084175	6.22528	6.41126	7.610908333	9.730304167	9.3739375
275	1.852581667	2.896076667	5.957263333	2.644675	6.58008	6.62926	7.293908333	9.875004167	10.7876375
276	1.637581667	3.776376667	6.201263333	3.247575	6.73868	6.49926	7.598908333	10.37199417	10.5878375
277	1.979581667	2.635076667	5.500663333	3.230775	7.41028	6.59726	7.200908333	10.65380417	10.5482375
278	2.176581667	2.700336667	6.495263333	3.768795	7.84548	6.90426	7.958008333	10.99000417	9.1529375
279	1.942581667	2.717146667	5.989263333	3.687375	8.35918	6.20026	7.075908333	10.60870417	9.1369375
280	2.123581667	2.187176667	6.568263333	3.801409	7.64748	6.16626	8.266708333	10.01620417	9.1749375
281	1.835581667	2.349976667	5.345663333	2.904975	7.72688	5.88126	7.228908333	10.25160417	9.7509375
282	2.212581667	2.659976667	6.062263333	3.068375	7.33178	4.98156	7.786508333	10.22670417	9.7509375
283	1.987581667	2.815326667	6.104263333	4.233475	6.68898	7.72326	7.688008333	11.21230417	9.4929375
284	2.590281667	4.110376667	6.861263333	1.551675	7.33178	5.25826	8.815508333	10.55894417	8.9439375
285	3.146981667	3.247076667	6.127263333	1.241675	8.12198	5.43126	7.613908333	11.12250417	10.2892375
286	2.212581667	2.936676667	5.125363333	2.904975	6.74798	5.49626	7.340908333	9.915204167	8.1989375
287	2.571781667	2.757826667	6.185263333	3.133575	7.10378	6.56526	9.148208333	9.811004167	9.9659375
288	2.113581667	3.352976667	4.921273333	3.573475	6.98558	6.42026	7.981408333	11.43600417	11.8000375
289	2.716281667	3.409776667	5.410863333	3.084475	6.34328	6.16726	7.186908333	11.02500417	8.6369375
290	2.428681667	3.002276667	5.492263333	3.589575	7.21308	6.09026	7.344908333	11.15950417	9.5209375
291	2.590281667	2.969376667	5.312663333	3.475875	7.21308	5.77026	7.921008333	10.43520417	9.8629375
292	2.590281667	2.187176667	5.312663333	2.643675	7.528917	5.03206	7.535908333	10.88640417	9.7509375
293	2.895681667	2.513376667	5.850663333	2.595675	7.60824	4.92136	7.882708333	10.29600417	9.4919375
294	2.625881667	2.920876667	4.139163333	3.573475	7.25238	6.15826	7.382908333	10.88640417	10.5966375
295	2.608081667	2.839536667	4.856043333	2.513675	7.09448	5.29286	6.698908333	9.713604167	9.5209375
296	3.129181667	2.920876667	6.552263333	2.921075	6.73868	5.50026	7.041908333	10.15070417	10.6732375
297	2.428681667	3.360776667	5.606563333	3.508175	7.33178	6.25026	8.190008333	9.747204167	11.2503375
298	2.823781667	2.415176667	5.622663333	3.312475	7.72688	5.58526	7.728708333	10.04990417	11.2112375
299	2.373581667	2.985776667	6.315263333	3.377775	6.70868	6.79426	8.018408333	11.16470417	11.3525375
300	2.517681667	3.197676667	6.560263333	3.769125	6.62938	7.05026	7.779608333	10.57420417	11.5414375
301	2.499881667	2.920576667	4.848313333	3.377775	6.86658	5.50026	8.275908333	9.845304167	10.0369375
302	2.589581667	3.426276667	5.304963333	3.149775	7.18308	5.15296	6.782908333	10.14380417	10.2731375
303	2.553981667	3.181476667	5.093063333	2.774675	6.70868	4.06876	8.098408333	9.880204167	10.2765375
304	2.823081667	3.866376667	5.043963333	2.807475	7.06448	5.24226	7.814608333	10.50497417	11.4264375
305	2.589581667	3.132376667	4.962633333	2.562675	6.86658	6.31226	6.392908333	8.595804167	10.9651475
306	2.320581667	2.855346667	5.011063333	3.720035	6.90658	6.23826	8.083608333	9.921904167	11.6309375
307	2.427981667	2.285076667	4.505963333	3.149775	7.93408	6.49626	8.496508333	11.00530417	12.4639375
308	2.769681667	3.279676667	5.288763333	2.823575	7.89478	6.02626	8.536208333	9.818404167	11.6564375
309	2.715581667	3.295876667	6.005263333	2.611675	7.97408	5.71526	8.045308333	10.30460417	9.8129375
310	2.338581667	2.806246667	5.402463333	2.725675	6.94588	5.78426	7.853608333	9.437804167	9.1209375
311	2.625881667	2.969676667	5.777663333	2.497675	7.02518	6.05426	8.481708333	10.43705417	8.5059375
312	2.553981667	2.708736667	5.109263333	2.382675	6.59008	5.98026	8.173708333	10.78270417	8.6749375
313	2.742681667	3.124676667	6.397263333	4.086875	6.60968	6.09526	8.595898333	9.894804167	9.3659375
314	1.906581667	3.116276667	5.321063333	2.334675	8.32988	6.44926	7.853608333	10.56012417	8.8129375
315	1.996581667	2.692596667	6.087263333	3.149775	6.39228	6.78526	8.006908333	9.880204167	8.1559375
316	3.092881667	3.654276667	5.744763333	3.084475	7.14378	6.04726	7.887908333	10.78270417	8.5269375
317	2.464281667	3.067176667	5.321063333	2.725675	6.39228	6.28226	7.545908333	9.335804167	9.1949375
318	2.787481667	2.936676667	4.897403333	2.236675	6.70868	6.24826	8.006908333	9.780704167	9.6769375
319	1.762581667	2.513076667	5.125363333	2.366675	6.19528	5.44356	8.698958333	10.71080417	10.9853275
320	2.104581667	3.165376667	6.282263333	2.692675	6.82728	5.51026	8.107808333	10.67510417	11.2005375
321	1.780581667	3.018776667	5.484463333	2.774675	7.10378	6.51626	8.737288333	11.33950417	12.4919375
322	1.871581667	1.877576667	5.973263333	2.595675	6.86658	7.79226	8.391608333	10.56750417	12.9049375
323	2.931281667	2.692596667	4.603563333	2.432675	6.47128	5.40966	7.622908333	8.738804167	11.0572825
324	1.565581667	2.464276667	6.079263333	3.459075	6.81728	6.31626	7.478908333	9.150804167	11.2503375
325	2.266581667	2.904776667	5.377863333	3.068375	6.89658	4.67846	6.513908333	10.19180417	10.8272375
326	2.410181667	4.045376667	4.456963333	2.692675	6.86658	6.04726	7.500908333	10.05240417	8.9049375
327	3.416106667	4.355376667	5.679563333	3.508175	7.61824	5.84526	8.045308333	11.51280417	10.6047375
328	2.697781667	3.116276667	5.093063333	3.475875	5.91728	4.23546	7.699608333	8.444804167	9.8619375
329	2.383581667	3.288076667	5.451563333	3.255675	7.71718	6.42126	8.558908333	11.98080417	8.9279375
330	3.407581667	2.782376667	4.881263333	3.793675	7.51928	4.46726	8.673908333	10.46580417	11.0559375
331	1.915581667	1.478376667	5.565863333	3.744585	6.13528	5.17166	8.115708333	10.49472417	12.8109375
332	3.263781667	2.016376667	5.532963333	4.070775	7.27838	6.14426	7.840708333	10.53103417	11.9039375
333	2.652581667	2.937076667	4.791153333	3.940275	8.51768	6.47426	6.891908333	10.15560417	8.8449375
334	2.454681667	3.296176667	4.905473333	3.402275	8.47758	6.30126	7.398908333	9.636404167	8.6029375
335	3.173681667	4.323376667	4.693663333	4.298675	7.528732	6.85126	7.657908333	11.29550417	9.3069375
336	3.585081667	3.686876667	5.540963333	4.037775	9.18928	5.92026	8.399908333	9.832804167	8.9339375
337	2.005581667	3.636476667	5.280063333	3.173675	5.03828	3.91376	5.903908333	6.808804167	8.2079375
338	2.760781667	3.051376667	5.900263333	3.647075	6.89638	5.84226	7.445908333	10.29150417	8.4549375
339	2.257581667	3.850376667	5.590063333	4.086875	7.45015	5.28856	7.670908333	10.19060417	8.9929375
340	2.706681667	3.475076667	5.312963333	3.825955	7.13358	5.06716	7.132908333	10.80460417	8.4869375
341	2.688881667	4.159376667	6.551263333	4.152075	7.01498	5.58326	7.964108333	11.01300417	9.5229375
342	2.545081667	3.621676667	5.752863333	3.109075	7.09428	5.25116	7.605908333	10.14480417	8.8399375
343	2.347581667	3.669376667	5.834863333	3.989375	8.31968	4.88246	8.482608333	9.555104167	8.7629375
344	3.191481667	3.328476667	5.508663333	3.825955	7.60805	4.43266	8.477908333	8.340804167	8.4469375
345	2.760781667	3.230976667	5.981263333	3.924175	7.84528	6.61226	8.824208333	9.277804167	8.2469375
346	2.778581667	2.937076667	6.209263333	3.369375	8.55728	6.54326	8.083808333	10.80460417	11.0860275
347	2.311581667	3.083676667	5.557763333	3.597975	8.04318	5.74726	8.960708333	10.24910417	10.5366375
348	2.239581667	3.817376667	6.112263333	3.532775	6.93568	5.53926	7.644908333	9.624304167	9.7989375
349	2.436881667	3.165676667	4.676863333	3.027075	6.06628	5.05536	6.609908333	9.867104167	8.4259375
350	2.041581667	2.937076667	5.834863333	2.831375	5.67128	5.15916	7.485908333	10.04060417	7.4559375
351	1.880581667	2.888676667	5.052063333	2.782675	5.43428	4.74406	8.018508333	10.56180417	8.8399375
352	2.292581667	2.725216667	5.166363333	3.353175	5.67128	4.81326	6.913908333	9.693604167	8.6459375
353	1.897581667	3.475076667	4.399763333	3.271775	6.50128	4.50186	7.127908333	10.19060417	8.9249375
354	1.843581667	3.882376667	4.464963333	3.157475	7.528732	3.98296	8.044108333	10.17980417	8.3669375
355	1.808581667	2.920876667	4.351363333	3.989375	7.91458	5.71626	9.382008333	10.57410417	10.1463375
356	2.059581667	2.659976667	4.563163333	3.972575	6.53058	4.12506	8.480208333	9.403804167	9.6319375
357	2.023581667	2.725216667	5.850963333	4.478275	8.90228	4.471066	9.133208333	11.06030417	10.4369375
358	1.880581667	3.132776667	5.752863333	3.760725	9.02128	5.95826	8.560208333	11.20620417	9.6469375
359	2.077581667	3.540276667	5.655263333	3.809815	4.91028	5.26676	8.042408333	10.60900417	8.1319375
360	2.311581667	2.781704167	5.475763333	3.426475	5.89828	4.12506	8.296608333	10.43688417	7.7639375
361	2.850081667	2.569876667	4.611563333	3.068075	5.70028	5.47426	7.758608333	9.557904167	8.4939375
362	2.868681667	2.390976667	5.801963333	3.246975	5.77928	6.27026	7.643908333	11.74680417	10.1463375
363	2.688481667	2.423276667	6.242263333	2.856175	5.97728	5.31796	8.105008333	10.20890417	6.5729375
364	2.419381667	3.956376667	5.214863333	3.622175	6.13528	4.88206	8.489008333	10.00310417	8.6089375
365	2.742681667	3.401776667	5.426663333	3.328975	6.72848	5.75726	9.027008333	10.31650417	9.6079375
366	2.203581667	3.890376667	5.394363333	4.062675	6.57058	4.78106	8.489008333	10.22570417	8.0459375
367	2.868681667	3.466976667	5.540963333	3.345075	6.84708	5.55326	8.460008333	10.28020417	9.1089375
368	2.509081667	2.423276667	5.508663333	2.937575	6.33328	5.68726	9.027008333	9.778504167	10.4153375
369	2.921981667	2.668076667	5.019163333	2.627675	6.01728	6.32426	6.938908333	9.475904167	10.2775375
370	2.509081667	2.765566667	5.687563333	3.051275	7.55875	6.39226	9.488308333	10.04080417	11.7987375
371	2.616581667	2.635076667	4.660663333	2.741675	7.04508	5.68726	8.258308333	9.966104167	10.9150375
372	3.102181667	2.227576667	5.916263333	3.068075	6.64918	6.08926	8.181608333	10.38779417	10.9917175
373	2.832281667	4.494376667	6.258263333	3.149375	7.12358	5.75426	7.908608333	11.11680417	10.0249375
374	2.958381667	3.776376667	5.818063333	4.144075	6.49128	5.45216	7.105908333	10.30040417	11.5297375
375	2.652981667	3.580676667	5.704363333	4.372075	6.33328	6.82726	7.105908333	8.860804167	9.2239375
376	2.256581667	2.814656667	5.639163333	3.964475	6.13528	6.55926	7.989308333	9.783204167	8.6859375
377	2.491281667	3.156976667	6.193263333	4.355875	6.72848	6.29126	7.489908333	10.59020417	6.9179375
378	3.425371667	4.347376667	5.752863333	4.209275	7.32158	6.32426	7.803008333	10.12950417	8.0329375
379	2.311581667	2.961276667	6.013263333	3.964475	6.72848	5.78826	8.223308333	10.01390417	7.6869375
380	1.628581667	3.189276667	5.052063333	3.573075	5.46328	5.18376	7.643908333	9.224804167	7.5719375
381	2.760381667	2.668076667	5.704363333	3.198475	7.08428	4.92086	8.117708333	8.630804167	8.6479375
382	1.861581667	2.162376667	4.514063333	4.144075	6.33328	5.08346	7.444908333	9.053804167	8.4049375
383	1.987581667	3.156976667	4.774963333	4.470175	6.96568	6.69326	8.082108333	10.39855417	8.8779375
384	2.635181667	3.287376667	5.459663333	4.747275	6.88638	4.67866	7.763308333	8.284804167	7.9179375
385	2.976181667	3.988376667	5.475763333	4.111075	5.93728	5.88926	8.002108333	9.706504167	8.3019375
386	2.400581667	3.857376667	5.508663333	5.024675	6.45228	6.61626	7.364908333	10.94190417	7.3289375
387	1.538581667	3.644476667	4.953893333	3.932175	5.66128	5.85526	7.220908333	10.11480417	6.0729375
388	1.520581667	3.123976667	4.937753333	3.719705	7.00498	5.85526	7.105908333	9.706504167	10.1732375
389	1.933581667	3.173076667	5.720563333	3.980675	6.88638	5.70726	7.758608333	9.282804167	10.0616375
390	1.377581667	3.238376667	4.464963333	3.768795	6.60988	5.52326	8.027608333	9.510804167	9.4809375
391	1.844581667	2.749426667	5.329163333	3.035075	5.22628	5.11666	7.908608333	10.45638917	8.6909375
392	2.239581667	3.107876667	5.443463333	3.181675	7.63808	5.55926	8.374008333	9.605704167	9.5879375
393	2.544681667	2.863746667	5.280063333	3.638375	7.28228	5.78126	8.348408333	10.54717417	9.8389375
394	2.491281667	3.678776667	5.557163333	2.921475	7.28228	5.55926	8.105008333	10.32590417	9.5519375
395	2.095581667	3.744076667	5.117263333	3.198475	7.42013	5.42816	8.417808333	9.989004167	8.8319375
396	3.317881667	3.825376667	5.410563333	3.524675	8.21108	5.20676	7.445908333	11.37910417	9.2769375
397	2.023581667	3.026476667	4.448863333	3.394175	7.18288	5.50226	7.850908333	10.54381417	9.2199375
398	2.796781667	3.744076667	5.084363333	3.556975	7.06428	5.86326	7.900008333	8.411804167	9.2909375
399	2.922381667	2.887976667	5.443763333	3.948675	7.46016	5.74426	6.599908333	10.51086417	10.6875375
400	0.639581667	1.307376667	3.177263333	1.926675	4.02028	4.71616	7.330908333	10.34270417	8.9939375
401	2.580681667	3.849376667	6.160263333	3.280175	7.73668	5.39006	7.022908333	10.37770417	9.5779375
402	2.239581667	4.045376667	5.182863333	4.176675	7.42013	5.03306	6.638908333	9.404804167	10.2423375
403	2.904581667	2.822726667	5.851363333	4.208975	7.81598	4.35916	7.368908333	9.711904167	9.4259375
404	1.951581667	3.018376667	6.405263333	4.241875	7.34158	5.27526	7.715108333	10.09320417	9.6089375
405	2.364581667	3.572576667	5.426963333	4.127575	7.34158	5.50726	8.867708333	11.23650417	9.4549375
406	1.287581667	3.165076667	5.525163333	4.307175	7.18288	5.50426	8.507308333	10.89820417	9.5369375
407	2.401581667	2.969376667	5.101463333	3.964875	6.86708	5.46626	7.676108333	9.588904167	8.8319375
408	2.454681667	3.360776667	5.264263333	4.665575	6.51128	5.46626	8.138808333	10.58550417	10.1307375
409	2.329581667	3.165076667	4.954233333	3.915775	5.52228	5.87126	7.900008333	9.859904167	8.4559375
410	1.790581667	3.067476667	5.101463333	4.030075	5.72028	5.28976	7.637908333	9.728704167	8.2749375
411	2.131581667	2.937076667	5.068563333	3.687775	5.72028	5.28976	8.019108333	11.03270417	8.4169375
412	2.113581667	3.263176667	6.682263333	3.100675	5.48328	4.87466	6.868908333	10.59630417	7.6819375
413	1.358581667	2.757496667	5.883263333	3.557275	5.60128	6.06526	6.837908333	10.22570417	8.2379375
414	1.682581667	2.937076667	5.786063333	2.709675	5.99728	5.69626	7.599908333	10.63330417	8.5379375
415	1.160581667	3.279376667	5.998263333	4.323275	5.83928	5.83126	8.175708333	10.89350417	9.6089375
416	2.329581667	2.806586667	5.084663333	4.013875	6.78778	6.37226	8.766878333	10.59630417	10.2235375
417	1.215581667	2.920876667	5.965263333	3.899575	6.07628	5.39566	7.134908333	11.04410417	8.1709375
418	2.059581667	3.507376667	6.095263333	3.687775	5.95728	5.75426	7.393908333	9.968104167	7.8789375
419	2.131581667	4.404376667	5.900263333	4.225775	6.51128	5.91626	7.282908333	10.62180417	8.4109375
420	2.957981667	4.861376667	6.308263333	4.356175	6.90638	5.52526	7.764808333	10.96750417	10.2033375
421	2.670381667	4.877376667	5.851363333	4.372375	6.66918	5.59526	7.022908333	11.88980417	8.9939375
422	2.724481667	4.404376667	5.835163333	3.948675	6.70848	6.06526	6.556908333	10.89080417	9.3399375
423	2.778581667	4.127376667	5.166763333	3.866645	6.62988	5.76326	6.305908333	11.23650417	8.8789375
424	2.131581667	4.730376667	5.509063333	4.111475	5.99728	6.46826	6.800908333	10.58350417	8.3499375
425	1.502581667	4.143376667	6.193263333	4.013875	5.04828	5.69626	6.556908333	10.39115417	10.0695375
426	1.071581667	3.181876667	5.084663333	4.013875	4.73228	5.83126	6.735908333	9.507504167	9.3399375
427	1.358581667	2.887976667	5.867463333	4.095275	4.92928	6.03226	7.417908333	10.92920417	9.5319375
428	2.652581667	3.263176667	6.226263333	3.899575	4.73228	5.52526	6.305908333	9.891504167	7.8919375
429	1.969581667	2.773634667	5.883263333	3.899575	5.72028	5.98126	8.099108333	10.16050417	8.5329375
430	2.526581667	2.822726667	5.851363333	3.051575	5.95728	5.59126	7.868408333	10.62180417	8.1869375
431	3.173681667	3.540276667	5.737063333	3.866645	6.15528	6.89326	8.522108333	10.46782117	8.0329375
432	3.281881667	3.507376667	6.014263333	4.290975	6.70868	6.59226	8.173108333	10.68030417	9.9979375
433	3.012081667	3.295476667	5.655663333	3.508175	6.39228	5.87526	7.544908333	8.797804167	8.6839375
434	3.497651667	3.997376667	5.426963333	3.736175	6.86658	4.57326	7.966608333	9.366804167	10.5546375
435	2.562881667	3.507376667	7.058263333	3.752985	5.16628	5.94126	7.312908333	9.642704167	7.7269375
436	2.149581667	3.376876667	6.112263333	2.432675	5.79928	6.23426	7.389908333	9.069804167	8.2049375
437	2.383581667	3.359376667	4.807293333	3.068075	5.79928	5.76526	7.043908333	8.719804167	8.0459375
438	2.203581667	3.703076667	4.106563333	3.018975	6.11528	4.49027	6.169908333	8.450804167	7.9829375
439	2.742981667	4.143376667	5.900263333	4.176375	7.85548	6.43026	8.321708333	10.04210417	10.1578375
440	2.023581667	3.785376667	6.030263333	4.404975	7.65758	5.28526	6.651908333	10.14970417	8.2139375
441	0.927581667	3.817376667	5.345263333	3.736515	7.61824	5.71726	7.850908333	9.701804167	8.7899375
442	1.790581667	3.311676667	5.981263333	3.834025	8.40848	4.92136	8.136108333	10.61580417	9.4399375
443	2.634781667	3.801376667	5.508663333	4.470175	7.49964	4.71376	6.428908333	9.494004167	8.9219375
444	2.904581667	3.931376667	5.606263333	4.486375	7.89478	5.09436	6.582908333	8.729804167	9.7189375
445	2.095581667	5.056376667	5.345263333	4.127875	8.09268	3.52916	8.235608333	8.985804167	9.2809375
446	2.994281667	4.648376667	4.953893333	3.312875	8.17128	4.86526	6.659908333	8.764804167	7.1199375
447	2.239581667	3.458876667	6.112263333	4.013575	7.89478	4.94136	7.812608333	9.315804167	9.6059375
448	2.437581667	3.980376667	4.986863333	3.443275	7.81548	4.29236	8.222808333	10.22170417	10.5532375
449	2.113581667	4.535376667	5.491863333	3.671275	7.81548	4.67436	8.235608333	9.719304167	10.5962375
450	2.149581667	3.067476667	5.475763333	4.029675	8.28988	5.74326	9.218808333	9.007804167	11.4328375
451	2.059581667	2.252476667	5.052063333	3.703565	7.02518	3.98726	8.158308333	8.521804167	8.9619375
452	2.599181667	2.333776667	5.329163333	3.084175	7.65758	4.86526	8.235608333	9.250804167	10.6763375
453	2.922381667	2.105876667	4.204063333	2.823275	7.49964	4.36918	9.195908333	10.01460417	11.3535375
454	2.796381667	2.937076667	5.084363333	3.491675	6.27328	4.67436	8.341908333	9.494004167	10.9950775
455	2.706681667	2.838866667	5.769663333	3.410375	6.94588	4.73866	8.197308333	10.25730417	9.4399375
456	2.697781667	2.920576667	6.136263333	4.388475	7.26238	7.05326	8.935008333	9.591704167	11.9402375
